[DASH_CAM]
POS=-0.340908,1.02235,-0.201754
EXP=25
